41 05 01 4393979 500000 1500.00 1.00
19 02 09 9297547 100000 1500.00 1.05
33 04 03 7415247 100000 2000.00 1.05
50 05 10 6979239 500000 1500.00 1.00
40 04 10 6979239 100000 2000.00 1.05
07 01 07 8088655 100000 1500.00 1.00
48 05 08 5330499 500000 1500.00 1.00
34 04 04 6847248 100000 2000.00 1.05
24 03 04 6847248 100000 2000.00 1.00
78 08 08 5330499 500000 2000.00 1.05
42 05 02 4226825 500000 1500.00 1.00
70 07 10 6979239 500000 2000.00 1.00
28 03 08 5330499 100000 2000.00 1.00
44 05 04 6847248 500000 1500.00 1.00
05 01 05 1357607 100000 1500.00 1.00
65 07 05 1357607 500000 2000.00 1.00
76 08 06 6369252 500000 2000.00 1.05
79 08 09 9297547 500000 2000.00 1.05
39 04 09 9297547 100000 2000.00 1.05
57 06 07 8088655 500000 1500.00 1.05
58 06 08 5330499 500000 1500.00 1.05
03 01 03 7415247 100000 1500.00 1.00
21 03 01 4393979 100000 2000.00 1.00
09 01 09 9297547 100000 1500.00 1.00
80 08 10 6979239 500000 2000.00 1.05
27 03 07 8088655 100000 2000.00 1.00
17 02 07 8088655 100000 1500.00 1.05
23 03 03 7415247 100000 2000.00 1.00
32 04 02 4226825 100000 2000.00 1.05
06 01 06 6369252 100000 1500.00 1.00
13 02 03 7415247 100000 1500.00 1.05
29 03 09 9297547 100000 2000.00 1.00
71 08 01 4393979 500000 2000.00 1.05
18 02 08 5330499 100000 1500.00 1.05
08 01 08 5330499 100000 1500.00 1.00
59 06 09 9297547 500000 1500.00 1.05
35 04 05 1357607 100000 2000.00 1.05
74 08 04 6847248 500000 2000.00 1.05
73 08 03 7415247 500000 2000.00 1.05
22 03 02 4226825 100000 2000.00 1.00
64 07 04 6847248 500000 2000.00 1.00
69 07 09 9297547 500000 2000.00 1.00
62 07 02 4226825 500000 2000.00 1.00
53 06 03 7415247 500000 1500.00 1.05
36 04 06 6369252 100000 2000.00 1.05
26 03 06 6369252 100000 2000.00 1.00
38 04 08 5330499 100000 2000.00 1.05
37 04 07 8088655 100000 2000.00 1.05
51 06 01 4393979 500000 1500.00 1.05
31 04 01 4393979 100000 2000.00 1.05
60 06 10 6979239 500000 1500.00 1.05
12 02 02 4226825 100000 1500.00 1.05
41 05 01 4393979 500000 1500.00 1.00
30 03 10 6979239 100000 2000.00 1.00
47 05 07 8088655 500000 1500.00 1.00
63 07 03 7415247 500000 2000.00 1.00
75 08 05 1357607 500000 2000.00 1.05
02 01 02 4226825 100000 1500.00 1.00
49 05 09 9297547 500000 1500.00 1.00
45 05 05 1357607 500000 1500.00 1.00
46 05 06 6369252 500000 1500.00 1.00
72 08 02 4226825 500000 2000.00 1.05
15 02 05 1357607 100000 1500.00 1.05
56 06 06 6369252 500000 1500.00 1.05
67 07 07 8088655 500000 2000.00 1.00
01 01 01 4393979 100000 1500.00 1.00
68 07 08 5330499 500000 2000.00 1.00
43 05 03 7415247 500000 1500.00 1.00
04 01 04 6847248 100000 1500.00 1.00
55 06 05 1357607 500000 1500.00 1.05
16 02 06 6369252 100000 1500.00 1.05
77 08 07 8088655 500000 2000.00 1.05
20 02 10 6979239 100000 1500.00 1.05
66 07 06 6369252 500000 2000.00 1.00
25 03 05 1357607 100000 2000.00 1.00
52 06 02 4226825 500000 1500.00 1.05
14 02 04 6847248 100000 1500.00 1.05
61 07 01 4393979 500000 2000.00 1.00
10 01 10 6979239 100000 1500.00 1.00
54 06 04 6847248 500000 1500.00 1.05
