0.15000	-1273.3	224.23
0.19950	-795.68	168.34
0.24899	-432.57	128.64
0.29849	-261.15	115.60
0.34799	-204.75	115.96
0.39749	-166.67	113.63
0.44698	-133.73	106.32
0.49648	-112.47	95.704
0.54598	-98.688	84.734
0.59548	-86.484	76.071
0.64497	-75.576	69.404
0.69447	-66.957	63.738
0.74397	-60.171	58.798
0.79347	-54.454	54.510
0.84296	-49.575	50.760
0.89246	-45.453	47.425
0.94196	-41.969	44.411
0.99146	-38.998	41.642
1.0410	-36.447	39.092
1.0905	-34.235	36.752
1.1399	-32.285	34.622
1.1894	-30.525	32.697
1.2389	-28.929	30.940
1.2884	-27.486	29.298
1.3379	-26.196	27.703
1.3874	-25.049	26.096
1.4369	-23.962	24.527
1.4864	-22.840	23.078
1.5359	-21.678	21.823
1.5854	-20.516	20.807
1.6349	-19.440	19.957
1.6844	-18.537	19.163
1.7339	-17.786	18.393
1.7834	-17.125	17.641
1.8329	-16.493	16.892
1.8824	-15.842	16.135
1.9319	-15.201	15.422
1.9814	-14.623	14.813
2.0309	-14.104	14.264
2.0804	-13.619	13.700
2.1299	-13.153	13.135
2.1794	-12.699	12.613
2.2289	-12.267	12.133
2.2784	-11.869	11.676
2.3279	-11.483	11.232
2.3774	-11.077	10.797
2.4269	-10.665	10.382
2.4764	-10.281	9.9972
2.5259	-9.9266	9.6498
2.5754	-9.5900	9.3394
2.6249	-9.2682	9.0462
2.6744	-8.9620	8.7451
2.7239	-8.6541	8.4507
2.7734	-8.3237	8.1937
2.8229	-7.9978	7.9696
2.8724	-7.7228	7.7561
2.9219	-7.4896	7.5469
2.9714	-7.2615	7.3440
3.0209	-7.0324	7.1475
3.0704	-6.8132	6.9564
3.1198	-6.6076	6.7699
3.1693	-6.4143	6.5877
3.2188	-6.2233	6.4075
3.2683	-6.0214	6.2274
3.3178	-5.8149	6.0563
3.3673	-5.6209	5.9083
3.4168	-5.4398	5.7757
3.4663	-5.2623	5.6394
3.5158	-5.0913	5.5008
3.5653	-4.9358	5.3738
3.6148	-4.7892	5.2615
3.6643	-4.6355	5.1594
3.7138	-4.4753	5.0635
3.7633	-4.3203	4.9701
3.8128	-4.1773	4.8783
3.8623	-4.0493	4.7887
3.9118	-3.9331	4.6964
3.9613	-3.8217	4.5943
4.0108	-3.7099	4.4964
4.0603	-3.5946	4.4308
4.1098	-3.4786	4.3966
4.1593	-3.3690	4.3711
4.2088	-3.2704	4.3400
4.2583	-3.1851	4.2963
4.3078	-3.1104	4.2421
4.3573	-3.0398	4.1860
4.4068	-2.9689	4.1345
4.4563	-2.8955	4.0912
4.5058	-2.8221	4.0558
4.5553	-2.7548	4.0242
4.6048	-2.6982	3.9934
4.6543	-2.6551	3.9608
4.7038	-2.6249	3.9245
4.7533	-2.6040	3.8830
4.8028	-2.5893	3.8351
4.8523	-2.5781	3.7797
4.9018	-2.5677	3.7166
4.9513	-2.5550	3.6465
5.0008	-2.5375	3.5700
5.0503	-2.5131	3.4878
5.0997	-2.4810	3.4013
5.1492	-2.4415	3.3128
5.1987	-2.3952	3.2242
5.2482	-2.3427	3.1371
5.2977	-2.2859	3.0526
5.3472	-2.2279	2.9717
5.3967	-2.1712	2.8949
5.4462	-2.1179	2.8227
5.4957	-2.0682	2.7552
5.5452	-2.0204	2.6914
5.5947	-1.9733	2.6307
5.6442	-1.9259	2.5725
5.6937	-1.8771	2.5165
5.7432	-1.8258	2.4624
5.7927	-1.7714	2.4100
5.8422	-1.7133	2.3590
5.8917	-1.6529	2.3092
5.9412	-1.5928	2.2605
5.9907	-1.5353	2.2128
6.0402	-1.4823	2.1662
6.0897	-1.4335	2.1208
6.1392	-1.3868	2.0774
6.1887	-1.3401	2.0366
6.2382	-1.2920	1.9986
6.2877	-1.2424	1.9630
6.3372	-1.1927	1.9282
6.3867	-1.1441	1.8930
6.4362	-1.0972	1.8564
6.4857	-1.0520	1.8191
6.5352	-1.0069	1.7834
6.5847	-0.96043	1.7514
6.6342	-0.91186	1.7245
6.6837	-0.86131	1.7022
6.7332	-0.81046	1.6811
6.7827	-0.76089	1.6584
6.8322	-0.71390	1.6319
6.8817	-0.66981	1.6015
6.9312	-0.62751	1.5708
6.9807	-0.58589	1.5428
7.0302	-0.54413	1.5200
7.0796	-0.50181	1.5029
7.1291	-0.45914	1.4891
7.1786	-0.41636	1.4760
7.2281	-0.37357	1.4614
7.2776	-0.33125	1.4447
7.3271	-0.29047	1.4269
7.3766	-0.25221	1.4094
7.4261	-0.21709	1.3929
7.4756	-0.18462	1.3777
7.5251	-0.15228	1.3636
7.5746	-0.11760	1.3499
7.6241	-0.078655	1.3364
7.6736	-0.035024	1.3230
7.7231	0.010811	1.3105
7.7726	0.056260	1.2997
7.8221	0.099206	1.2914
7.8716	0.13892	1.2860
7.9211	0.17746	1.2834
7.9706	0.21698	1.2835
8.0201	0.25905	1.2863
8.0696	0.30322	1.2916
8.1191	0.34460	1.2992
8.1686	0.37815	1.3090
8.2181	0.39977	1.3204
8.2676	0.40891	1.3323
8.3171	0.41320	1.3417
8.3666	0.42092	1.3456
8.4161	0.43920	1.3416
8.4656	0.47130	1.3295
8.5151	0.51113	1.3146
8.5646	0.55157	1.3032
8.6141	0.58641	1.3004
8.6636	0.61199	1.3089
8.7131	0.63101	1.3242
8.7626	0.64704	1.3410
8.8121	0.66322	1.3547
8.8616	0.68154	1.3625
8.9111	0.70113	1.3661
8.9606	0.72061	1.3679
9.0101	0.73882	1.3702
9.0595	0.75490	1.3747
9.1090	0.76892	1.3812
9.1585	0.78109	1.3892
9.2080	0.79162	1.3984
9.2575	0.80074	1.4084
9.3070	0.80865	1.4188
9.3565	0.81557	1.4293
9.4060	0.82170	1.4393
9.4555	0.82724	1.4486
9.5050	0.83242	1.4568
9.5545	0.83740	1.4635
9.6040	0.84221	1.4689
9.6535	0.84688	1.4732
9.7030	0.85143	1.4764
9.7525	0.85587	1.4787
9.8020	0.86023	1.4802
9.8515	0.86451	1.4812
9.9010	0.86873	1.4817
9.9505	0.87292	1.4819
10.000	0.87710	1.4820
