4393979
4226825
7415247
6847248
1357607
6369252
8088655
5330499
9297547
6979239
9929730
1972226
6349745
6568101
8196113
7065166
8405023
3303622
4101289
7436447
5175010
8362114
3117902
5099202
4157425
8837793
9293346
5605559
1037822
9869929
1507083
8714245
6253120
4472480
2232517
8382213
1226393
2178895
7647900
5507541
2043115
9989860
4970182
2135068
5084181
475681
5894782
7737822
2356509
9723061
4435821
3750699
4584929
8509685
9630006
3115289
4212989
5069792
449981
6695297
6730160
6818597
9354222
8043933
1485393
4133752
7664673
6976178
4551044
1326042
8359283
1925744
4835227
5318523
6428338
3914742
6462466
8196394
6905904
7275882
5549730
5302844
9935430
6428028
6813211
796067
57424
176258
3500297
7511326
2307190
8836472
2608888
2593490
3430788
5597141
884849
441734
1182838
9913586